[Camera]
type = rs2

[HandPoseEstimator]
fx = 385.13
fy = 385.13
ux = 316.802
uy = 241.818
lower = 150
upper = 600
dataset = hands17
